m1=0.2;
L1=0.3;
m2=0.1;
L2=0.25;
g=9.81;
l1=0.3;
m3=(m2+m1);
l2=0.25;
